Loss/depth: 10.1649013799 / 5
Loss/depth: 10.1669112775 / 10
